8136
7936
7875
7707
7425
7208
7506
8669
7765
7159
6854
7148
7594
6929
6771
6553
7467
6744
6798
6674
6873
7243
6885
7446
7037
6837
7297
6683
6987
6394
7054
6784
7488
7205
6659
6737
7769
7089
6537
8085
6814
7711
6913
7624
6578
7039
6876
6418
7011
6738
6595
6873
6696
7725
7090
7943
6930
7023
6694
6861
7696
6769
6913
6872
7720
7284
6975
7721
7567
7772
6833
7044
7549
7010
7305
7052
8001
6754
6981
6979
7788
7339
7287
7592
7511
7002
7070
7347
7957
6753
7349
7424
6687
7003
6969
6928
7850
7451
6877
7184
9026,13564
8962,12904
7753,18724
8041,19064
8978,12384
8166,16356
9668,13672
8437,18336
8447,17436
8689,15380
7849,19512
8489,12540
7859,17236
8469,13800
8136,15848
7845,19172
8460,15836
8450,17864
8335,15376
8314,13468
8103,17872
8694,11484
8514,11580
8498,13560
8096,15208
8474,10148
8511,13656
8519,10200
8575,11916
7947,19872
8126,16944
8075,17916
8465,14016
8261,16664
8273,17624
8484,14620
7793,19540
8203,14256
8451,12060
8503,12460
7769,19424
8314,14308
8661,13616
8681,15100
8542,10760
8529,16292
8039,17984
8375,12816
8455,15036
8347,15004
7960,15436
8460,11696
8787,11804
8522,11192
8242,14840
8189,15500
8187,16704
8253,16408
8354,10608
7792,19116
8356,12836
8480,14216
8290,16916
7532,19616
8359,10960
8297,14540
8410,13764
8422,14932
8159,16980
8329,10328
8474,12620
8723,13144
8478,12076
8970,11684
10312,15824
9540,12604
9296,15344
9120,18608
9299,18976
7954,19844
8134,16968
8534,12916
7717,19892
8507,14620
8353,11488
7967,18780
8025,15596
8367,15216
7816,18992
7966,19984
11012,18140
13571,19784
14727,13928
15034,16608
13134,19496
14344,17288
15185,16104
15230,13476
14107,17604
14869,14116
